false
0
2
1
237
555
1
-1
2
175
600
40
30
30
4
85
30
4
140
30
4
195
30
4
250
30
4
305
30
4
360
30
4
415
30
4
85
65
3
140
65
2
195
65
1
250
65
1
305
65
2
360
65
3
85
100
3
140
100
2
195
100
1
250
100
1
305
100
2
360
100
3
85
135
3
140
135
2
195
135
1
250
135
1
305
135
2
360
135
3
85
170
3
140
170
2
195
170
1
250
170
1
305
170
2
360
170
3
30
65
6
415
65
7
30
100
10
415
100
5
30
135
8
415
135
4
30
170
9
415
170
11
415
100
5
30
65
6
415
65
7
30
135
8
30
170
9
30
100
10
415
170
11
0
0
false
false
2000
false
false
0
0
false
false
2000
false
false
false
2000
false
false
false
2000
false
false
false
2000
false
false
false
2000
